{"nbformat":4,"nbformat_minor":0,"metadata":{"kernelspec":{"display_name":"Python 3","language":"python","name":"python3"},"language_info":{"codemirror_mode":{"name":"ipython","version":3},"file_extension":".py","mimetype":"text/x-python","name":"python","nbconvert_exporter":"python","pygments_lexer":"ipython3","version":"3.7.6"},"colab":{"name":"D3_18BCE246.ipynb","provenance":[]}},"cells":[{"cell_type":"markdown","metadata":{"id":"FdkJ1ljk2AKQ"},"source":["## MLP Classifier for Iris dataset"]},{"cell_type":"code","metadata":{"id":"SO8fequw2AKQ","executionInfo":{"status":"ok","timestamp":1606231439825,"user_tz":-330,"elapsed":1070,"user":{"displayName":"CHANDNI TOMAR","photoUrl":"","userId":"15000470019522154570"}}},"source":["import numpy as np\n","import pandas as pd\n","from sklearn.neural_network import MLPClassifier, MLPRegressor\n","from sklearn import datasets, metrics"],"execution_count":29,"outputs":[]},{"cell_type":"code","metadata":{"id":"_isuu_MP2AKS","executionInfo":{"status":"ok","timestamp":1606231442680,"user_tz":-330,"elapsed":1082,"user":{"displayName":"CHANDNI TOMAR","photoUrl":"","userId":"15000470019522154570"}}},"source":["X,y = datasets.load_iris(return_X_y=True)"],"execution_count":30,"outputs":[]},{"cell_type":"code","metadata":{"id":"PifH2KB62AKS","executionInfo":{"status":"ok","timestamp":1606231445229,"user_tz":-330,"elapsed":1095,"user":{"displayName":"CHANDNI TOMAR","photoUrl":"","userId":"15000470019522154570"}}},"source":["X_train = X[range(0,150,2),:]\n","y_train = y[range(0,150,2)]"],"execution_count":31,"outputs":[]},{"cell_type":"code","metadata":{"colab":{"base_uri":"https://localhost:8080/"},"id":"PE_D0fLI2AKS","executionInfo":{"status":"ok","timestamp":1606231448544,"user_tz":-330,"elapsed":977,"user":{"displayName":"CHANDNI TOMAR","photoUrl":"","userId":"15000470019522154570"}},"outputId":"ad3611de-1771-46e4-ca78-ed0ee52ce960"},"source":["print(X_train.shape,y_train.shape)"],"execution_count":32,"outputs":[{"output_type":"stream","text":["(75, 4) (75,)\n"],"name":"stdout"}]},{"cell_type":"code","metadata":{"id":"EWIIQrxJ2AKT","executionInfo":{"status":"ok","timestamp":1606231450776,"user_tz":-330,"elapsed":965,"user":{"displayName":"CHANDNI TOMAR","photoUrl":"","userId":"15000470019522154570"}}},"source":["X_test = X[range(1,150,2),:]\n","y_test = y[range(1,150,2)]"],"execution_count":33,"outputs":[]},{"cell_type":"code","metadata":{"colab":{"base_uri":"https://localhost:8080/"},"id":"3jFHDGDA2AKU","executionInfo":{"status":"ok","timestamp":1606231454077,"user_tz":-330,"elapsed":980,"user":{"displayName":"CHANDNI TOMAR","photoUrl":"","userId":"15000470019522154570"}},"outputId":"42ba3b30-8563-4ced-a230-684b4ac830ec"},"source":["print(X_test.shape,y_test.shape)"],"execution_count":34,"outputs":[{"output_type":"stream","text":["(75, 4) (75,)\n"],"name":"stdout"}]},{"cell_type":"code","metadata":{"id":"Bz_8aSpq2AKU","executionInfo":{"status":"ok","timestamp":1606231456499,"user_tz":-330,"elapsed":1020,"user":{"displayName":"CHANDNI TOMAR","photoUrl":"","userId":"15000470019522154570"}}},"source":["clf = MLPClassifier(solver = 'adam', hidden_layer_sizes=(80), max_iter=500)"],"execution_count":35,"outputs":[]},{"cell_type":"code","metadata":{"colab":{"base_uri":"https://localhost:8080/"},"id":"k_VxH-iv2AKU","executionInfo":{"status":"ok","timestamp":1606231458552,"user_tz":-330,"elapsed":1029,"user":{"displayName":"CHANDNI TOMAR","photoUrl":"","userId":"15000470019522154570"}},"outputId":"4e2ceaaf-c9b2-415d-acf7-7db77c705983"},"source":["clf.fit(X_train, y_train)"],"execution_count":36,"outputs":[{"output_type":"stream","text":["/usr/local/lib/python3.6/dist-packages/sklearn/neural_network/_multilayer_perceptron.py:571: ConvergenceWarning: Stochastic Optimizer: Maximum iterations (500) reached and the optimization hasn't converged yet.\n","  % self.max_iter, ConvergenceWarning)\n"],"name":"stderr"},{"output_type":"execute_result","data":{"text/plain":["MLPClassifier(activation='relu', alpha=0.0001, batch_size='auto', beta_1=0.9,\n","              beta_2=0.999, early_stopping=False, epsilon=1e-08,\n","              hidden_layer_sizes=80, learning_rate='constant',\n","              learning_rate_init=0.001, max_fun=15000, max_iter=500,\n","              momentum=0.9, n_iter_no_change=10, nesterovs_momentum=True,\n","              power_t=0.5, random_state=None, shuffle=True, solver='adam',\n","              tol=0.0001, validation_fraction=0.1, verbose=False,\n","              warm_start=False)"]},"metadata":{"tags":[]},"execution_count":36}]},{"cell_type":"code","metadata":{"colab":{"base_uri":"https://localhost:8080/"},"id":"79jQPBoN2AKU","executionInfo":{"status":"ok","timestamp":1606231461297,"user_tz":-330,"elapsed":947,"user":{"displayName":"CHANDNI TOMAR","photoUrl":"","userId":"15000470019522154570"}},"outputId":"f9372c4c-1ffd-4c51-9515-0e2908b9ae97"},"source":["prediction = clf.predict(X_test)\n","print(prediction)"],"execution_count":37,"outputs":[{"output_type":"stream","text":["[0 0 0 0 0 0 0 0 0 0 0 0 0 0 0 0 0 0 0 0 0 0 0 0 0 1 1 1 1 1 1 1 1 1 1 1 1\n"," 1 1 1 1 2 1 1 1 1 1 1 1 1 2 2 2 2 2 2 2 2 2 2 2 2 2 2 1 2 1 2 2 2 2 2 2 2\n"," 2]\n"],"name":"stdout"}]},{"cell_type":"code","metadata":{"colab":{"base_uri":"https://localhost:8080/"},"id":"jV6eU6eh2AKU","executionInfo":{"status":"ok","timestamp":1606231466680,"user_tz":-330,"elapsed":968,"user":{"displayName":"CHANDNI TOMAR","photoUrl":"","userId":"15000470019522154570"}},"outputId":"84d58b18-7b5b-4106-f1ef-f48e06cf1a2c"},"source":["print(clf.predict_proba(X_test))"],"execution_count":38,"outputs":[{"output_type":"stream","text":["[[9.89620216e-01 1.03797835e-02 5.19300857e-10]\n"," [9.89466845e-01 1.05331541e-02 1.18847605e-09]\n"," [9.96377248e-01 3.62275187e-03 6.21901853e-11]\n"," [9.94957758e-01 5.04224178e-03 1.26513593e-10]\n"," [9.91077764e-01 8.92223534e-03 3.18440190e-10]\n"," [9.93398358e-01 6.60164190e-03 3.57403916e-10]\n"," [9.96244523e-01 3.75547640e-03 2.00056206e-10]\n"," [9.99397179e-01 6.02821081e-04 1.10064808e-12]\n"," [9.96435513e-01 3.56448716e-03 6.79335815e-11]\n"," [9.97788544e-01 2.21145590e-03 3.22739957e-11]\n"," [9.96599809e-01 3.40019078e-03 9.40451614e-11]\n"," [9.80822563e-01 1.91774341e-02 3.24445620e-09]\n"," [9.81952061e-01 1.80479374e-02 1.30652235e-09]\n"," [9.96048639e-01 3.95136051e-03 5.13984637e-11]\n"," [9.89150347e-01 1.08496516e-02 1.08399118e-09]\n"," [9.92695096e-01 7.30490380e-03 1.76939738e-10]\n"," [9.99438953e-01 5.61047396e-04 7.46562071e-13]\n"," [9.96376858e-01 3.62314240e-03 5.43723877e-11]\n"," [9.98035753e-01 1.96424722e-03 2.04986954e-11]\n"," [9.94938781e-01 5.06121858e-03 1.00522387e-10]\n"," [9.48100483e-01 5.18994879e-02 2.88990798e-08]\n"," [9.89470205e-01 1.05297934e-02 1.78672804e-09]\n"," [9.87657677e-01 1.23423214e-02 1.22318950e-09]\n"," [9.93779490e-01 6.22050958e-03 4.29514068e-10]\n"," [9.95087262e-01 4.91273802e-03 1.10192833e-10]\n"," [3.19206128e-03 9.90193726e-01 6.61421274e-03]\n"," [3.73044536e-03 9.49186324e-01 4.70832305e-02]\n"," [3.40707552e-03 9.38141639e-01 5.84512860e-02]\n"," [2.45172237e-02 9.73772672e-01 1.71010428e-03]\n"," [8.00666885e-03 9.50301520e-01 4.16918112e-02]\n"," [5.01840862e-03 9.80678403e-01 1.43031886e-02]\n"," [2.36284051e-03 9.38722777e-01 5.89143820e-02]\n"," [3.22158453e-03 9.95460858e-01 1.31755755e-03]\n"," [5.70379908e-03 9.92808558e-01 1.48764321e-03]\n"," [5.27379764e-03 9.91307004e-01 3.41919848e-03]\n"," [5.58797828e-03 9.92653108e-01 1.75891398e-03]\n"," [2.08681745e-03 9.74705305e-01 2.32078780e-02]\n"," [2.59323740e-03 9.95238235e-01 2.16852715e-03]\n"," [1.21075866e-03 8.36606692e-01 1.62182549e-01]\n"," [2.26509008e-02 9.77018129e-01 3.30969982e-04]\n"," [8.11749374e-03 9.90364251e-01 1.51825565e-03]\n"," [3.36282745e-04 1.96284762e-01 8.03378955e-01]\n"," [5.58568433e-03 9.69931133e-01 2.44831828e-02]\n"," [1.41413788e-03 9.73199107e-01 2.53867555e-02]\n"," [4.65363975e-03 9.69576911e-01 2.57694488e-02]\n"," [2.92922814e-03 9.69701755e-01 2.73690168e-02]\n"," [1.90829219e-02 9.79271719e-01 1.64535946e-03]\n"," [7.12654967e-03 9.88402916e-01 4.47053454e-03]\n"," [3.34000995e-03 9.93194891e-01 3.46509877e-03]\n"," [5.03707197e-03 9.86168765e-01 8.79416269e-03]\n"," [4.07685894e-05 1.83635390e-02 9.81595692e-01]\n"," [3.26790150e-05 2.84557282e-02 9.71511593e-01]\n"," [8.99713946e-07 4.03728580e-03 9.95961814e-01]\n"," [6.95471359e-06 2.44807497e-02 9.75512296e-01]\n"," [4.24471641e-06 4.71942577e-03 9.95276330e-01]\n"," [5.37100016e-05 4.69860380e-02 9.52960252e-01]\n"," [1.46978690e-05 6.53170371e-03 9.93453598e-01]\n"," [3.78960456e-05 1.77718968e-02 9.82190207e-01]\n"," [6.50792124e-06 1.61601170e-02 9.83833375e-01]\n"," [1.49781696e-04 1.36857712e-01 8.62992506e-01]\n"," [6.56627516e-05 1.85455817e-02 9.81388756e-01]\n"," [5.39125797e-04 3.21862881e-01 6.77597993e-01]\n"," [8.65321579e-05 1.64097416e-01 8.35816052e-01]\n"," [1.03435649e-03 3.87468704e-01 6.11496940e-01]\n"," [2.39698071e-04 5.00772728e-01 4.98987574e-01]\n"," [1.34529934e-04 3.27692819e-01 6.72172651e-01]\n"," [8.94617167e-04 6.25431758e-01 3.73673625e-01]\n"," [4.15713159e-06 1.33806447e-02 9.86615198e-01]\n"," [1.53501551e-04 1.09521944e-01 8.90324555e-01]\n"," [1.42061689e-04 1.28899512e-01 8.70958426e-01]\n"," [2.26016686e-04 1.50514230e-01 8.49259754e-01]\n"," [3.30227716e-06 3.54227498e-03 9.96454423e-01]\n"," [5.91451435e-05 4.00277927e-02 9.59913062e-01]\n"," [2.06260107e-04 1.29709936e-01 8.70083804e-01]\n"," [2.97196290e-04 1.11181351e-01 8.88521453e-01]]\n"],"name":"stdout"}]},{"cell_type":"code","metadata":{"colab":{"base_uri":"https://localhost:8080/"},"id":"QQV-7thO2AKV","executionInfo":{"status":"ok","timestamp":1606231470391,"user_tz":-330,"elapsed":946,"user":{"displayName":"CHANDNI TOMAR","photoUrl":"","userId":"15000470019522154570"}},"outputId":"55c49b2b-5be4-4f40-e2dc-21a9b4cc290c"},"source":["print(metrics.accuracy_score(y_test, prediction, normalize=True))"],"execution_count":39,"outputs":[{"output_type":"stream","text":["0.96\n"],"name":"stdout"}]},{"cell_type":"code","metadata":{"colab":{"base_uri":"https://localhost:8080/"},"id":"kCWiX-G_2AKV","executionInfo":{"status":"ok","timestamp":1606231474665,"user_tz":-330,"elapsed":1006,"user":{"displayName":"CHANDNI TOMAR","photoUrl":"","userId":"15000470019522154570"}},"outputId":"834dabf6-6d06-4d1a-c429-056e43eb679e"},"source":["print(metrics.classification_report(y_test, prediction))"],"execution_count":40,"outputs":[{"output_type":"stream","text":["              precision    recall  f1-score   support\n","\n","           0       1.00      1.00      1.00        25\n","           1       0.92      0.96      0.94        25\n","           2       0.96      0.92      0.94        25\n","\n","    accuracy                           0.96        75\n","   macro avg       0.96      0.96      0.96        75\n","weighted avg       0.96      0.96      0.96        75\n","\n"],"name":"stdout"}]},{"cell_type":"code","metadata":{"colab":{"base_uri":"https://localhost:8080/"},"id":"pUPU5s9e2AKV","executionInfo":{"status":"ok","timestamp":1606231479398,"user_tz":-330,"elapsed":922,"user":{"displayName":"CHANDNI TOMAR","photoUrl":"","userId":"15000470019522154570"}},"outputId":"c664efb2-d401-46a5-ef67-a68ebc16fe41"},"source":["print(metrics.confusion_matrix(y_test, prediction))"],"execution_count":41,"outputs":[{"output_type":"stream","text":["[[25  0  0]\n"," [ 0 24  1]\n"," [ 0  2 23]]\n"],"name":"stdout"}]},{"cell_type":"markdown","metadata":{"id":"8WbBHnw02AKW"},"source":["## Using MLPRegressor for Boston dataset"]},{"cell_type":"code","metadata":{"colab":{"base_uri":"https://localhost:8080/"},"id":"ipTKi9UM2AKW","executionInfo":{"status":"ok","timestamp":1606231484220,"user_tz":-330,"elapsed":1318,"user":{"displayName":"CHANDNI TOMAR","photoUrl":"","userId":"15000470019522154570"}},"outputId":"4a5a9c97-d074-4387-e942-7a21c1f98fde"},"source":["XB, yB = datasets.load_boston(return_X_y = True)\n","\n","Xb_train = XB[range(0,XB.shape[0],2),:]\n","yb_train = yB[range(0,XB.shape[0],2)]\n","\n","Xb_test = XB[range(1,XB.shape[0],2),:]\n","yb_test = yB[range(1,XB.shape[0],2)]\n","\n","print(Xb_train.shape, yb_train.shape,'\\n', Xb_test.shape, yb_test.shape)"],"execution_count":42,"outputs":[{"output_type":"stream","text":["(253, 13) (253,) \n"," (253, 13) (253,)\n"],"name":"stdout"}]},{"cell_type":"code","metadata":{"colab":{"base_uri":"https://localhost:8080/"},"id":"H5mY6Lr92AKW","executionInfo":{"status":"ok","timestamp":1606231491426,"user_tz":-330,"elapsed":1980,"user":{"displayName":"CHANDNI TOMAR","photoUrl":"","userId":"15000470019522154570"}},"outputId":"52a4a053-f5f6-4d46-b4b0-01e706585baa"},"source":["clfr = MLPRegressor(hidden_layer_sizes=(75,40),solver = 'adam', max_iter=1000)\n","clfr.fit(Xb_train, yb_train)"],"execution_count":43,"outputs":[{"output_type":"execute_result","data":{"text/plain":["MLPRegressor(activation='relu', alpha=0.0001, batch_size='auto', beta_1=0.9,\n","             beta_2=0.999, early_stopping=False, epsilon=1e-08,\n","             hidden_layer_sizes=(75, 40), learning_rate='constant',\n","             learning_rate_init=0.001, max_fun=15000, max_iter=1000,\n","             momentum=0.9, n_iter_no_change=10, nesterovs_momentum=True,\n","             power_t=0.5, random_state=None, shuffle=True, solver='adam',\n","             tol=0.0001, validation_fraction=0.1, verbose=False,\n","             warm_start=False)"]},"metadata":{"tags":[]},"execution_count":43}]},{"cell_type":"code","metadata":{"colab":{"base_uri":"https://localhost:8080/"},"id":"UAlkCgV12AKW","executionInfo":{"status":"ok","timestamp":1606231496793,"user_tz":-330,"elapsed":1050,"user":{"displayName":"CHANDNI TOMAR","photoUrl":"","userId":"15000470019522154570"}},"outputId":"c1f06a1b-bf8e-4aed-f24c-929bb7a860a4"},"source":["predictionsB = clfr.predict(Xb_test)\n","print(predictionsB)"],"execution_count":44,"outputs":[{"output_type":"stream","text":["[29.00484333 31.09014126 30.81549744 17.96109004 16.74258892 20.6356361\n"," 24.06717358 23.79760009 18.14224516 21.3434383  19.8953543  15.81153533\n"," 13.17052458 13.3746916  19.97105813 19.56653919 13.99622985 25.5171819\n"," 24.85489076 32.94430982 27.51872859 25.76741853 23.1446274  22.48525967\n"," 21.44749771 28.42271121 25.31529833 36.99263152 37.72605889 24.45437685\n"," 21.86511768 23.83118158 30.09412929 23.28678975 21.90097913 22.39494235\n"," 25.05140692 20.59195996 19.94787592 21.65906536 27.89124871 25.07415045\n"," 27.88492534 26.96546855 29.36719074 27.55466699 25.30118033 23.85875277\n"," 31.47329323 28.84321362 24.46413854 21.30115656 19.93885149 20.42072969\n"," 19.95628393 24.077031   20.71189299 18.52708352 23.72213165 19.54885653\n"," 21.66767009 15.81711374 22.39270834 19.58548105 18.32499174 24.03141077\n"," 21.03641057 20.40265277 22.5122754  19.19995339  5.9795445  12.85334274\n","  6.57810494  9.77155418 15.27531933 22.77967009 15.80848734 10.93813857\n"," 30.51496158 28.51127679 32.00927791 32.66659993 18.18802676 13.31431763\n"," 23.34801451 23.33185324 27.01212475 29.05444061 28.35315316 35.24653093\n"," 32.3119866  39.09373142 28.89741821 27.25198872 28.01176526 27.42176909\n"," 30.760918   37.68325243 24.43465964 32.17992437 27.24331749 41.19649314\n"," 23.99436333 16.86477167 17.60160496 15.77886332 23.92024466 23.38349571\n"," 25.58334394 26.33527464 17.88648773 27.38424377 29.16493553 26.16010392\n"," 29.46347896 27.32766201 28.9551979  22.23351086 28.78021774 24.65287387\n"," 22.52998893 26.50118209 15.48465927 20.4557638  25.0751377  26.53241977\n"," 28.02946777 24.40276956 35.86351422 35.57374849 33.8488424  32.12744103\n"," 29.00721422 31.01305264 27.13305563 28.20024752 31.38678652 32.83231519\n"," 30.26980324 32.95037646 32.78503673 43.56792707 25.5711233  26.85448329\n"," 22.62522876 35.4009028  25.57612771 26.05302714 17.24300405 28.8503149\n"," 23.88148875 27.95104436 33.50361501 36.59699565 23.49802829 26.85124761\n"," 25.22660289 21.94322636 18.25897338 20.8422931  26.18729018 22.07260507\n"," 28.72187885 20.98017549 22.94922476 20.57868479 26.22792375 25.34156039\n"," 26.1510386  25.61469589 28.10637552 26.04421736 18.96808424 26.80360973\n"," 23.09098407 24.21279806 39.52704392 24.48251575 21.76271814 19.67968636\n"," 21.28432376 21.0666531  24.82463302 16.13432451 31.45197487 25.8276138\n","  3.83734957 20.32580836 15.24806758 13.44382925 14.33302143 12.4239133\n","  5.73518867  3.90399993 15.18335731 15.26141093 18.89973779 18.63403504\n"," 16.09811268  8.61961037 15.33285221 12.83912523  6.34658363 23.41751074\n"," 13.7511692  13.72677696 11.81918366 10.29329256  5.55470956  9.45857417\n"," 19.83392833  8.67967123  9.49392055  8.34874424 11.65326327 12.37366682\n"," 12.18481197  9.66757578 10.0390578  12.39014634 16.15898563 17.25588666\n"," 11.88868433 18.48839808 17.38457565 19.61855214 19.7198615  12.71611085\n","  9.82399213 17.96414911 19.32684885 22.96305435 18.95679857 16.64058437\n"," 18.04425573 20.98517102 21.32636151 14.03695277 12.00676893 19.22698545\n"," 22.8122334  23.02808413 22.38235178 21.69901734 14.22990285 19.10133957\n"," 20.33800018 17.87376847 19.89877582 19.42787222 23.6701252  29.1848149\n"," 26.24595653]\n"],"name":"stdout"}]},{"cell_type":"code","metadata":{"colab":{"base_uri":"https://localhost:8080/"},"id":"hy_FUJQ32AKX","executionInfo":{"status":"ok","timestamp":1606231504300,"user_tz":-330,"elapsed":973,"user":{"displayName":"CHANDNI TOMAR","photoUrl":"","userId":"15000470019522154570"}},"outputId":"22710262-136e-446c-ac09-777a8ba69a94"},"source":["print(metrics.r2_score(yb_test, predictionsB))"],"execution_count":45,"outputs":[{"output_type":"stream","text":["0.6410352091811733\n"],"name":"stdout"}]},{"cell_type":"code","metadata":{"colab":{"base_uri":"https://localhost:8080/"},"id":"HKhM-6ju2AKX","executionInfo":{"status":"ok","timestamp":1606231507610,"user_tz":-330,"elapsed":985,"user":{"displayName":"CHANDNI TOMAR","photoUrl":"","userId":"15000470019522154570"}},"outputId":"fd2ed69c-914c-4fe6-cd69-c6fb7b962948"},"source":["print(metrics.mean_absolute_error(yb_test, predictionsB))"],"execution_count":46,"outputs":[{"output_type":"stream","text":["3.9153959265679994\n"],"name":"stdout"}]},{"cell_type":"code","metadata":{"colab":{"base_uri":"https://localhost:8080/"},"id":"yW4wD-j82AKX","executionInfo":{"status":"ok","timestamp":1606231514243,"user_tz":-330,"elapsed":1195,"user":{"displayName":"CHANDNI TOMAR","photoUrl":"","userId":"15000470019522154570"}},"outputId":"2fb51727-a5d7-43db-8fb7-8033537aa3c8"},"source":["print(metrics.mean_squared_error(yb_test, predictionsB))"],"execution_count":47,"outputs":[{"output_type":"stream","text":["29.71104426846873\n"],"name":"stdout"}]},{"cell_type":"markdown","metadata":{"id":"S8UrYUCD2AKX"},"source":["## K-mean Clustering on Iris dataset"]},{"cell_type":"code","metadata":{"id":"-JIW5vZF2AKX","executionInfo":{"status":"ok","timestamp":1606231517839,"user_tz":-330,"elapsed":948,"user":{"displayName":"CHANDNI TOMAR","photoUrl":"","userId":"15000470019522154570"}}},"source":["import numpy\n","import pandas as pd\n","from sklearn import datasets,metrics\n","from sklearn.cluster import KMeans"],"execution_count":48,"outputs":[]},{"cell_type":"code","metadata":{"id":"hB1JEBhz2AKX","executionInfo":{"status":"ok","timestamp":1606231520855,"user_tz":-330,"elapsed":1157,"user":{"displayName":"CHANDNI TOMAR","photoUrl":"","userId":"15000470019522154570"}}},"source":["data,target = datasets.load_iris(return_X_y=True)"],"execution_count":49,"outputs":[]},{"cell_type":"code","metadata":{"colab":{"base_uri":"https://localhost:8080/"},"id":"kR0grwEX2AKX","executionInfo":{"status":"ok","timestamp":1606231522722,"user_tz":-330,"elapsed":946,"user":{"displayName":"CHANDNI TOMAR","photoUrl":"","userId":"15000470019522154570"}},"outputId":"6be23df2-844f-47a5-d803-13fb94c0a756"},"source":["X_train = data[range(0,150,2),:]\n","X_test = data[range(1,150,2),:]\n","print(X_train.shape)\n","print(X_test.shape)"],"execution_count":50,"outputs":[{"output_type":"stream","text":["(75, 4)\n","(75, 4)\n"],"name":"stdout"}]},{"cell_type":"code","metadata":{"colab":{"base_uri":"https://localhost:8080/"},"id":"p8b4Q_tw2AKX","executionInfo":{"status":"ok","timestamp":1606231525961,"user_tz":-330,"elapsed":968,"user":{"displayName":"CHANDNI TOMAR","photoUrl":"","userId":"15000470019522154570"}},"outputId":"76714967-6e82-4c13-9392-3a57caf439e5"},"source":["model = KMeans(n_clusters=3)\n","model.fit(X_train)"],"execution_count":51,"outputs":[{"output_type":"execute_result","data":{"text/plain":["KMeans(algorithm='auto', copy_x=True, init='k-means++', max_iter=300,\n","       n_clusters=3, n_init=10, n_jobs=None, precompute_distances='auto',\n","       random_state=None, tol=0.0001, verbose=0)"]},"metadata":{"tags":[]},"execution_count":51}]},{"cell_type":"code","metadata":{"colab":{"base_uri":"https://localhost:8080/"},"id":"pzcOtoJr2AKX","executionInfo":{"status":"ok","timestamp":1606231528737,"user_tz":-330,"elapsed":946,"user":{"displayName":"CHANDNI TOMAR","photoUrl":"","userId":"15000470019522154570"}},"outputId":"f7e4610e-4763-4783-e539-e6bcc870cf3d"},"source":["print(model.labels_)"],"execution_count":52,"outputs":[{"output_type":"stream","text":["[1 1 1 1 1 1 1 1 1 1 1 1 1 1 1 1 1 1 1 1 1 1 1 1 1 2 2 0 0 0 0 0 0 0 0 0 0\n"," 0 0 0 0 0 0 0 0 0 0 0 0 0 2 2 2 0 2 2 2 2 2 2 2 2 2 0 2 2 2 2 2 0 2 0 2 2\n"," 2]\n"],"name":"stdout"}]},{"cell_type":"code","metadata":{"colab":{"base_uri":"https://localhost:8080/"},"id":"bYgwzuS62AKX","executionInfo":{"status":"ok","timestamp":1606231533863,"user_tz":-330,"elapsed":1005,"user":{"displayName":"CHANDNI TOMAR","photoUrl":"","userId":"15000470019522154570"}},"outputId":"5f67a2e2-b16f-4539-b7f3-a95d6cd27f23"},"source":["prediction = model.predict(X_test)\n","prediction"],"execution_count":53,"outputs":[{"output_type":"execute_result","data":{"text/plain":["array([1, 1, 1, 1, 1, 1, 1, 1, 1, 1, 1, 1, 1, 1, 1, 1, 1, 1, 1, 1, 1, 1,\n","       1, 1, 1, 0, 0, 0, 0, 0, 0, 0, 0, 0, 0, 0, 0, 0, 2, 0, 0, 0, 0, 0,\n","       0, 0, 0, 0, 0, 0, 0, 2, 2, 2, 2, 2, 0, 2, 2, 0, 0, 0, 2, 0, 2, 2,\n","       0, 2, 2, 2, 2, 2, 2, 2, 0], dtype=int32)"]},"metadata":{"tags":[]},"execution_count":53}]},{"cell_type":"code","metadata":{"colab":{"base_uri":"https://localhost:8080/"},"id":"-vBm-MN22AKX","executionInfo":{"status":"ok","timestamp":1606231543625,"user_tz":-330,"elapsed":1097,"user":{"displayName":"CHANDNI TOMAR","photoUrl":"","userId":"15000470019522154570"}},"outputId":"5a352a9e-756d-4d09-d57a-63508e9fbe94"},"source":["print(model.cluster_centers_)"],"execution_count":55,"outputs":[{"output_type":"stream","text":["[[5.88148148 2.74444444 4.34444444 1.41111111]\n"," [5.024      3.48       1.456      0.228     ]\n"," [6.67826087 2.98695652 5.63043478 2.06956522]]\n"],"name":"stdout"}]},{"cell_type":"code","metadata":{"id":"0HoahRtf3DbK"},"source":[""],"execution_count":null,"outputs":[]}]}